45	2.18918000e-01	2.24017000e-03	1.81365000e-03	1.57235000e-03	2.17599600e+00	8.64353000e-05	-2.02810000e-04	0.00000000e+00
45	2.17674000e-01	2.50778000e-03	2.87290000e-03	1.88471000e-03	2.17599600e+00	8.64353000e-05	-2.02810000e-04	0.00000000e+00
45	2.17044000e-01	1.54324000e-03	1.42347000e-03	3.59722000e-03	2.17599600e+00	8.64353000e-05	-2.02810000e-04	0.00000000e+00
45	2.17351000e-01	3.36747000e-03	1.09139000e-03	2.06691000e-03	2.17599600e+00	8.64353000e-05	-2.02810000e-04	0.00000000e+00
45	2.17625000e-01	2.14869000e-03	2.16139000e-03	1.85740000e-03	2.17599600e+00	8.64353000e-05	-2.02810000e-04	0.00000000e+00
45	2.16824000e-01	2.26718000e-03	3.27856000e-03	1.35384000e-03	2.17599600e+00	8.64353000e-05	-2.02810000e-04	0.00000000e+00
45	2.17192000e-01	1.39405000e-03	2.47951000e-03	3.53109000e-03	2.17599600e+00	8.64353000e-05	-2.02810000e-04	0.00000000e+00
45	2.17533000e-01	2.98449000e-03	2.43403000e-03	2.62624000e-03	2.17599600e+00	8.64353000e-05	-2.02810000e-04	0.00000000e+00
45	2.17143000e-01	3.17406000e-03	1.36544000e-03	4.21573000e-03	2.17599600e+00	8.64353000e-05	-2.02810000e-04	0.00000000e+00
45	2.17562000e-01	2.79173000e-03	2.20507000e-03	1.07175000e-03	2.17599600e+00	8.64353000e-05	-2.02810000e-04	0.00000000e+00
45	2.18385000e-01	2.79846000e-03	1.00202000e-03	3.09417000e-03	2.17599600e+00	8.64353000e-05	-2.02810000e-04	0.00000000e+00
45	2.14649000e-01	1.99594000e-03	9.40113000e-04	3.15287000e-03	2.17599600e+00	8.64353000e-05	-2.02810000e-04	0.00000000e+00
45	2.18591000e-01	2.26929000e-03	7.42686000e-04	3.36811000e-03	2.17599600e+00	8.64353000e-05	-2.02810000e-04	0.00000000e+00
45	2.17500000e-01	1.78886000e-03	2.26682000e-03	2.70493000e-03	2.17599600e+00	8.64353000e-05	-2.02810000e-04	0.00000000e+00
45	2.18231000e-01	2.59796000e-03	2.63295000e-03	2.90024000e-03	2.17599600e+00	8.64353000e-05	-2.02810000e-04	0.00000000e+00
45	2.21242000e-01	1.96935000e-03	1.86326000e-03	3.70535000e-03	2.17599600e+00	8.64353000e-05	-2.02810000e-04	0.00000000e+00
45	2.16646000e-01	1.77312000e-03	2.18446000e-03	2.20754000e-03	2.17599600e+00	8.64353000e-05	-2.02810000e-04	0.00000000e+00
45	2.18025000e-01	1.84535000e-03	2.25717000e-03	2.95740000e-03	2.17599600e+00	8.64353000e-05	-2.02810000e-04	0.00000000e+00
45	2.18214000e-01	1.70598000e-03	2.13200000e-03	2.38484000e-03	2.17599600e+00	8.64353000e-05	-2.02810000e-04	0.00000000e+00
45	2.11581000e-01	3.00541000e-03	1.85087000e-03	2.80523000e-03	2.17599600e+00	8.64353000e-05	-2.02810000e-04	0.00000000e+00
45	2.17462000e-01	1.62498000e-03	3.06354000e-03	1.99192000e-03	2.17599600e+00	8.64353000e-05	-2.02810000e-04	0.00000000e+00
45	2.15704000e-01	2.54711000e-03	2.83908000e-03	2.29979000e-03	2.17599600e+00	8.64353000e-05	-2.02810000e-04	0.00000000e+00
45	2.18261000e-01	2.38382000e-03	1.37245000e-03	2.73837000e-03	2.17599600e+00	8.64353000e-05	-2.02810000e-04	0.00000000e+00
45	2.18153000e-01	1.95783000e-03	2.39600000e-03	2.02877000e-03	2.17599600e+00	8.64353000e-05	-2.02810000e-04	0.00000000e+00
45	2.18738000e-01	2.59513000e-03	3.41869000e-03	1.37964000e-03	2.17599600e+00	8.64353000e-05	-2.02810000e-04	0.00000000e+00
45	2.15466000e-01	2.89567000e-03	2.66488000e-04	3.33787000e-03	2.17599600e+00	8.64353000e-05	-2.02810000e-04	0.00000000e+00
45	2.18969000e-01	1.53864000e-03	1.80787000e-03	1.04266000e-04	2.17599600e+00	8.64353000e-05	-2.02810000e-04	0.00000000e+00
45	2.17869000e-01	1.04362000e-03	1.83561000e-03	3.01447000e-03	2.17599600e+00	8.64353000e-05	-2.02810000e-04	0.00000000e+00
45	2.17864000e-01	1.91985000e-03	3.74427000e-03	1.57811000e-03	2.17599600e+00	8.64353000e-05	-2.02810000e-04	0.00000000e+00
45	2.18565000e-01	2.37766000e-03	2.37769000e-03	3.74566000e-03	2.17599600e+00	8.64353000e-05	-2.02810000e-04	0.00000000e+00
45	2.18426000e-01	1.33841000e-03	4.70731000e-04	4.45436000e-03	2.17599600e+00	8.64353000e-05	-2.02810000e-04	0.00000000e+00
45	2.16902000e-01	7.91217000e-04	3.42977000e-03	2.44808000e-03	2.17599600e+00	8.64353000e-05	-2.02810000e-04	0.00000000e+00
45	2.19513000e-01	2.05239000e-03	3.51193000e-03	6.10919000e-04	2.17599600e+00	8.64353000e-05	-2.02810000e-04	0.00000000e+00
45	2.18207000e-01	2.46986000e-03	8.78164000e-04	3.13946000e-03	2.17599600e+00	8.64353000e-05	-2.02810000e-04	0.00000000e+00
45	2.17052000e-01	2.45420000e-03	2.02248000e-03	6.18560000e-03	2.17599600e+00	8.64353000e-05	-2.02810000e-04	0.00000000e+00
45	2.21021000e-01	2.19247000e-03	1.98572000e-03	2.28658000e-03	2.17599600e+00	8.64353000e-05	-2.02810000e-04	0.00000000e+00
45	2.19136000e-01	1.20933000e-03	1.91528000e-03	4.15924000e-03	2.17599600e+00	8.64353000e-05	-2.02810000e-04	0.00000000e+00
45	2.21416000e-01	1.78216000e-03	2.19929000e-03	2.34295000e-03	2.17599600e+00	8.64353000e-05	-2.02810000e-04	0.00000000e+00
45	2.17430000e-01	1.69223000e-03	1.72386000e-03	3.73112000e-03	2.17599600e+00	8.64353000e-05	-2.02810000e-04	0.00000000e+00
45	2.15989000e-01	3.23428000e-03	2.42846000e-03	2.97085000e-03	2.17599600e+00	8.64353000e-05	-2.02810000e-04	0.00000000e+00
45	2.20272000e-01	3.15862000e-03	-4.29423000e-04	3.08081000e-03	2.17599600e+00	8.64353000e-05	-2.02810000e-04	0.00000000e+00
45	2.16767000e-01	2.64557000e-03	1.07952000e-03	3.12884000e-03	2.17599600e+00	8.64353000e-05	-2.02810000e-04	0.00000000e+00
45	2.17562000e-01	2.09007000e-03	1.18797000e-03	3.33064000e-03	2.17599600e+00	8.64353000e-05	-2.02810000e-04	0.00000000e+00
45	2.16610000e-01	2.22315000e-03	1.40031000e-03	3.59013000e-03	2.17599600e+00	8.64353000e-05	-2.02810000e-04	0.00000000e+00
45	2.17442000e-01	2.53693000e-03	7.25502000e-04	2.82796000e-03	2.17599600e+00	8.64353000e-05	-2.02810000e-04	0.00000000e+00
45	2.17277000e-01	2.90152000e-03	7.97543000e-04	2.45949000e-03	2.17599600e+00	8.64353000e-05	-2.02810000e-04	0.00000000e+00
45	2.19613000e-01	1.93192000e-03	7.19568000e-04	3.93092000e-03	2.17599600e+00	8.64353000e-05	-2.02810000e-04	0.00000000e+00
45	2.17959000e-01	9.62204000e-04	3.00624000e-03	2.64338000e-03	2.17599600e+00	8.64353000e-05	-2.02810000e-04	0.00000000e+00
45	2.16655000e-01	2.39251000e-03	2.06534000e-03	2.35222000e-03	2.17599600e+00	8.64353000e-05	-2.02810000e-04	0.00000000e+00
45	2.17038000e-01	1.91054000e-03	1.64763000e-03	2.76524000e-03	2.17599600e+00	8.64353000e-05	-2.02810000e-04	0.00000000e+00
45	2.17697000e-01	1.09977000e-03	2.06516000e-03	2.53026000e-03	2.17599600e+00	8.64353000e-05	-2.02810000e-04	0.00000000e+00
45	2.17134000e-01	2.14658000e-03	1.15421000e-03	2.74398000e-03	2.17599600e+00	8.64353000e-05	-2.02810000e-04	0.00000000e+00
45	2.14168000e-01	2.40369000e-03	6.83948000e-04	3.37740000e-03	2.17599600e+00	8.64353000e-05	-2.02810000e-04	0.00000000e+00
45	2.18964000e-01	1.50749000e-03	1.84915000e-03	4.30371000e-03	2.17599600e+00	8.64353000e-05	-2.02810000e-04	0.00000000e+00
45	2.19489000e-01	2.19236000e-03	3.44023000e-03	6.43711000e-04	2.17599600e+00	8.64353000e-05	-2.02810000e-04	0.00000000e+00
45	2.17012000e-01	1.43743000e-03	1.74242000e-03	3.57889000e-03	2.17599600e+00	8.64353000e-05	-2.02810000e-04	0.00000000e+00
45	2.16452000e-01	2.58096000e-03	2.14369000e-03	1.57359000e-03	2.17599600e+00	8.64353000e-05	-2.02810000e-04	0.00000000e+00
45	2.15843000e-01	1.49581000e-03	2.06657000e-03	3.52799000e-03	2.17599600e+00	8.64353000e-05	-2.02810000e-04	0.00000000e+00
45	2.19996000e-01	2.30820000e-03	2.04133000e-03	2.29440000e-03	2.17599600e+00	8.64353000e-05	-2.02810000e-04	0.00000000e+00
45	2.16955000e-01	2.13938000e-03	1.17332000e-03	2.76338000e-03	2.17599600e+00	8.64353000e-05	-2.02810000e-04	0.00000000e+00
45	2.17507000e-01	2.06645000e-03	9.52209000e-04	3.16340000e-03	2.17599600e+00	8.64353000e-05	-2.02810000e-04	0.00000000e+00
45	2.20599000e-01	1.35438000e-03	3.72477000e-03	7.67745000e-04	2.17599600e+00	8.64353000e-05	-2.02810000e-04	0.00000000e+00
45	2.19124000e-01	1.29278000e-03	9.93246000e-04	2.73146000e-03	2.17599600e+00	8.64353000e-05	-2.02810000e-04	0.00000000e+00
45	2.16938000e-01	2.67183000e-03	1.37694000e-03	2.66121000e-03	2.17599600e+00	8.64353000e-05	-2.02810000e-04	0.00000000e+00
45	2.17399000e-01	2.58363000e-03	2.87863000e-03	1.98719000e-03	2.17599600e+00	8.64353000e-05	-2.02810000e-04	0.00000000e+00
45	2.18386000e-01	1.96602000e-03	1.34270000e-03	3.16094000e-03	2.17599600e+00	8.64353000e-05	-2.02810000e-04	0.00000000e+00
45	2.18883000e-01	2.88428000e-03	2.99710000e-03	1.21693000e-03	2.17599600e+00	8.64353000e-05	-2.02810000e-04	0.00000000e+00
45	2.16950000e-01	2.17627000e-03	1.66055000e-03	3.06134000e-03	2.17599600e+00	8.64353000e-05	-2.02810000e-04	0.00000000e+00
45	2.16659000e-01	2.56389000e-03	3.20043000e-03	1.79411000e-03	2.17599600e+00	8.64353000e-05	-2.02810000e-04	0.00000000e+00
45	2.19866000e-01	2.39234000e-03	1.39816000e-03	3.07317000e-03	2.17599600e+00	8.64353000e-05	-2.02810000e-04	0.00000000e+00
45	2.17154000e-01	1.78827000e-03	2.75902000e-03	1.35370000e-03	2.17599600e+00	8.64353000e-05	-2.02810000e-04	0.00000000e+00
45	2.16808000e-01	1.51119000e-03	3.82259000e-03	1.20795000e-03	2.17599600e+00	8.64353000e-05	-2.02810000e-04	0.00000000e+00
45	2.16116000e-01	2.80764000e-03	3.36474000e-03	1.13732000e-03	2.17599600e+00	8.64353000e-05	-2.02810000e-04	0.00000000e+00
45	2.18997000e-01	3.47386000e-03	8.27478000e-04	2.80845000e-03	2.17599600e+00	8.64353000e-05	-2.02810000e-04	0.00000000e+00
45	2.16229000e-01	2.43536000e-03	2.02717000e-03	3.06273000e-03	2.17599600e+00	8.64353000e-05	-2.02810000e-04	0.00000000e+00
45	2.20368000e-01	1.30259000e-03	1.16763000e-03	2.56530000e-03	2.17599600e+00	8.64353000e-05	-2.02810000e-04	0.00000000e+00
45	2.18658000e-01	8.93142000e-04	3.54203000e-03	2.97733000e-03	2.17599600e+00	8.64353000e-05	-2.02810000e-04	0.00000000e+00
45	2.13296000e-01	2.55588000e-03	1.38311000e-03	2.37038000e-03	2.17599600e+00	8.64353000e-05	-2.02810000e-04	0.00000000e+00
45	2.16948000e-01	1.98917000e-03	4.31852000e-04	4.08859000e-03	2.17599600e+00	8.64353000e-05	-2.02810000e-04	0.00000000e+00
45	2.16251000e-01	3.08461000e-03	2.88075000e-03	7.26499000e-04	2.17599600e+00	8.64353000e-05	-2.02810000e-04	0.00000000e+00
45	2.17379000e-01	1.82475000e-03	1.52322000e-03	2.54182000e-03	2.17599600e+00	8.64353000e-05	-2.02810000e-04	0.00000000e+00
45	2.18818000e-01	2.62906000e-03	2.13229000e-03	2.78720000e-03	2.17599600e+00	8.64353000e-05	-2.02810000e-04	0.00000000e+00
45	2.17498000e-01	2.39300000e-03	3.76168000e-03	5.33841000e-04	2.17599600e+00	8.64353000e-05	-2.02810000e-04	0.00000000e+00
45	2.16987000e-01	2.54952000e-03	1.90919000e-03	2.79820000e-03	2.17599600e+00	8.64353000e-05	-2.02810000e-04	0.00000000e+00
45	2.24806000e-01	2.33888000e-03	1.76572000e-03	7.79163000e-04	2.17599600e+00	8.64353000e-05	-2.02810000e-04	0.00000000e+00
45	2.19544000e-01	2.21218000e-03	1.98176000e-04	3.28870000e-03	2.17599600e+00	8.64353000e-05	-2.02810000e-04	0.00000000e+00
45	2.18180000e-01	2.05377000e-03	6.13891000e-04	2.79340000e-03	2.17599600e+00	8.64353000e-05	-2.02810000e-04	0.00000000e+00
45	2.17378000e-01	2.19143000e-03	1.42490000e-03	2.15475000e-03	2.17599600e+00	8.64353000e-05	-2.02810000e-04	0.00000000e+00
45	2.17469000e-01	2.94212000e-03	3.35623000e-03	2.47633000e-03	2.17599600e+00	8.64353000e-05	-2.02810000e-04	0.00000000e+00
45	2.19332000e-01	1.73053000e-03	2.73646000e-03	2.49622000e-03	2.17599600e+00	8.64353000e-05	-2.02810000e-04	0.00000000e+00
45	2.19410000e-01	3.37008000e-03	2.01076000e-03	1.72604000e-03	2.17599600e+00	8.64353000e-05	-2.02810000e-04	0.00000000e+00
45	2.19567000e-01	2.68814000e-03	2.47047000e-03	2.54586000e-03	2.17599600e+00	8.64353000e-05	-2.02810000e-04	0.00000000e+00
45	2.16797000e-01	2.41076000e-03	9.94426000e-04	2.70787000e-03	2.17599600e+00	8.64353000e-05	-2.02810000e-04	0.00000000e+00
45	2.19153000e-01	1.84796000e-03	1.91282000e-03	1.04840000e-03	2.17599600e+00	8.64353000e-05	-2.02810000e-04	0.00000000e+00
45	2.16509000e-01	2.04959000e-03	2.95107000e-03	1.81124000e-03	2.17599600e+00	8.64353000e-05	-2.02810000e-04	0.00000000e+00
45	2.18533000e-01	1.97129000e-03	1.22208000e-03	2.59571000e-03	2.17599600e+00	8.64353000e-05	-2.02810000e-04	0.00000000e+00
45	2.18042000e-01	2.72779000e-03	2.36689000e-03	2.03785000e-03	2.17599600e+00	8.64353000e-05	-2.02810000e-04	0.00000000e+00
45	2.16375000e-01	2.66635000e-03	8.32983000e-04	3.47688000e-03	2.17599600e+00	8.64353000e-05	-2.02810000e-04	0.00000000e+00
45	2.12633000e-01	2.65051000e-03	3.62891000e-03	2.22827000e-03	2.17599600e+00	8.64353000e-05	-2.02810000e-04	0.00000000e+00
45	2.20189000e-01	6.96129000e-04	2.35874000e-03	2.02175000e-03	2.17599600e+00	8.64353000e-05	-2.02810000e-04	0.00000000e+00
143	9.07495000e-02	9.95949000e-04	2.26992000e-03	5.00916000e-03	2.17599600e+00	0.00000000e+00	0.00000000e+00	0.00000000e+00
143	8.99085000e-02	-1.63575000e-04	3.63972000e-03	4.07221000e-03	2.17599600e+00	0.00000000e+00	0.00000000e+00	0.00000000e+00
143	9.45170000e-02	4.32119000e-04	1.89516000e-03	4.25334000e-03	2.17599600e+00	0.00000000e+00	0.00000000e+00	0.00000000e+00
143	9.55293000e-02	5.71271000e-04	3.02518000e-03	2.82895000e-03	2.17599600e+00	0.00000000e+00	0.00000000e+00	0.00000000e+00
143	8.93483000e-02	1.75781000e-03	2.17954000e-03	3.71215000e-03	2.17599600e+00	0.00000000e+00	0.00000000e+00	0.00000000e+00
143	8.99015000e-02	1.80653000e-03	2.89087000e-03	4.20510000e-03	2.17599600e+00	0.00000000e+00	0.00000000e+00	0.00000000e+00
143	9.40828000e-02	1.89705000e-04	4.44539000e-03	2.54183000e-03	2.17599600e+00	0.00000000e+00	0.00000000e+00	0.00000000e+00
143	9.34813000e-02	1.86380000e-03	4.25793000e-03	2.60221000e-03	2.17599600e+00	0.00000000e+00	0.00000000e+00	0.00000000e+00
143	8.97836000e-02	1.61614000e-03	1.60294000e-03	4.72459000e-03	2.17599600e+00	0.00000000e+00	0.00000000e+00	0.00000000e+00
143	8.97624000e-02	1.44575000e-03	2.98814000e-03	3.98477000e-03	2.17599600e+00	0.00000000e+00	0.00000000e+00	0.00000000e+00
143	9.25406000e-02	-1.79909000e-04	3.43127000e-03	3.25420000e-03	2.17599600e+00	0.00000000e+00	0.00000000e+00	0.00000000e+00
143	9.46097000e-02	-4.63025000e-04	3.38840000e-03	3.51489000e-03	2.17599600e+00	0.00000000e+00	0.00000000e+00	0.00000000e+00
143	9.07400000e-02	1.98706000e-03	3.94369000e-03	2.87672000e-03	2.17599600e+00	0.00000000e+00	0.00000000e+00	0.00000000e+00
143	8.93353000e-02	1.49740000e-03	2.18345000e-03	4.85139000e-03	2.17599600e+00	0.00000000e+00	0.00000000e+00	0.00000000e+00
143	9.05497000e-02	1.00894000e-03	2.42639000e-03	4.54795000e-03	2.17599600e+00	0.00000000e+00	0.00000000e+00	0.00000000e+00
143	8.98072000e-02	2.78016000e-03	2.72891000e-03	3.48434000e-03	2.17599600e+00	0.00000000e+00	0.00000000e+00	0.00000000e+00
143	9.21655000e-02	-5.37997000e-04	3.43219000e-03	4.32840000e-03	2.17599600e+00	0.00000000e+00	0.00000000e+00	0.00000000e+00
143	9.06512000e-02	3.71723000e-04	4.71922000e-03	2.82511000e-03	2.17599600e+00	0.00000000e+00	0.00000000e+00	0.00000000e+00
143	9.02064000e-02	1.19805000e-03	1.98763000e-03	5.19726000e-03	2.17599600e+00	0.00000000e+00	0.00000000e+00	0.00000000e+00
143	8.92065000e-02	1.66318000e-03	2.52576000e-03	4.00071000e-03	2.17599600e+00	0.00000000e+00	0.00000000e+00	0.00000000e+00
143	9.00009000e-02	-2.91517000e-04	3.99485000e-03	3.55318000e-03	2.17599600e+00	0.00000000e+00	0.00000000e+00	0.00000000e+00
143	8.88807000e-02	6.22034000e-04	3.17332000e-03	4.21674000e-03	2.17599600e+00	0.00000000e+00	0.00000000e+00	0.00000000e+00
143	8.98220000e-02	1.16145000e-03	5.08963000e-03	2.32447000e-03	2.17599600e+00	0.00000000e+00	0.00000000e+00	0.00000000e+00
143	9.07746000e-02	5.61375000e-04	2.52480000e-03	4.75454000e-03	2.17599600e+00	0.00000000e+00	0.00000000e+00	0.00000000e+00
143	9.18835000e-02	-1.99088000e-04	2.70815000e-03	3.57571000e-03	2.17599600e+00	0.00000000e+00	0.00000000e+00	0.00000000e+00
143	9.09370000e-02	1.06625000e-03	1.90147000e-03	5.03954000e-03	2.17599600e+00	0.00000000e+00	0.00000000e+00	0.00000000e+00
143	9.03780000e-02	1.26969000e-03	2.31134000e-03	4.16878000e-03	2.17599600e+00	0.00000000e+00	0.00000000e+00	0.00000000e+00
143	9.09009000e-02	1.12617000e-03	1.56648000e-03	5.04082000e-03	2.17599600e+00	0.00000000e+00	0.00000000e+00	0.00000000e+00
143	8.93437000e-02	2.79671000e-04	4.97234000e-03	2.92000000e-03	2.17599600e+00	0.00000000e+00	0.00000000e+00	0.00000000e+00
143	9.30837000e-02	2.16967000e-03	4.47837000e-03	2.27709000e-03	2.17599600e+00	0.00000000e+00	0.00000000e+00	0.00000000e+00
143	9.16513000e-02	1.99150000e-03	3.20349000e-03	4.06034000e-03	2.17599600e+00	0.00000000e+00	0.00000000e+00	0.00000000e+00
143	9.35132000e-02	5.71546000e-04	2.63151000e-03	3.30340000e-03	2.17599600e+00	0.00000000e+00	0.00000000e+00	0.00000000e+00
143	8.98246000e-02	2.15338000e-03	1.78827000e-03	3.97955000e-03	2.17599600e+00	0.00000000e+00	0.00000000e+00	0.00000000e+00
143	8.94390000e-02	1.20314000e-03	3.17264000e-03	3.11623000e-03	2.17599600e+00	0.00000000e+00	0.00000000e+00	0.00000000e+00
143	8.98435000e-02	2.29353000e-03	2.49802000e-03	4.43617000e-03	2.17599600e+00	0.00000000e+00	0.00000000e+00	0.00000000e+00
143	8.85420000e-02	1.18609000e-03	4.52452000e-03	2.94980000e-03	2.17599600e+00	0.00000000e+00	0.00000000e+00	0.00000000e+00
143	8.72294000e-02	1.42958000e-03	3.92480000e-03	2.93266000e-03	2.17599600e+00	0.00000000e+00	0.00000000e+00	0.00000000e+00
143	8.89622000e-02	1.66609000e-03	2.70241000e-03	4.08594000e-03	2.17599600e+00	0.00000000e+00	0.00000000e+00	0.00000000e+00
143	9.38095000e-02	1.20506000e-03	3.49300000e-03	3.76409000e-03	2.17599600e+00	0.00000000e+00	0.00000000e+00	0.00000000e+00
143	8.93679000e-02	9.24504000e-04	4.59647000e-03	2.76969000e-03	2.17599600e+00	0.00000000e+00	0.00000000e+00	0.00000000e+00
143	8.92463000e-02	1.58700000e-03	4.40705000e-03	1.55179000e-03	2.17599600e+00	0.00000000e+00	0.00000000e+00	0.00000000e+00
143	9.06144000e-02	8.05569000e-04	2.04824000e-03	4.47517000e-03	2.17599600e+00	0.00000000e+00	0.00000000e+00	0.00000000e+00
143	9.00137000e-02	4.85750000e-04	4.55240000e-03	2.10937000e-03	2.17599600e+00	0.00000000e+00	0.00000000e+00	0.00000000e+00
143	9.14067000e-02	1.59350000e-03	3.35921000e-03	2.85262000e-03	2.17599600e+00	0.00000000e+00	0.00000000e+00	0.00000000e+00
143	8.99763000e-02	1.66230000e-03	3.00244000e-03	2.92978000e-03	2.17599600e+00	0.00000000e+00	0.00000000e+00	0.00000000e+00
143	9.01816000e-02	1.67437000e-03	3.82113000e-03	2.92037000e-03	2.17599600e+00	0.00000000e+00	0.00000000e+00	0.00000000e+00
143	9.34332000e-02	1.94801000e-03	2.39140000e-03	3.67153000e-03	2.17599600e+00	0.00000000e+00	0.00000000e+00	0.00000000e+00
143	8.87392000e-02	1.80253000e-03	3.61505000e-03	4.23108000e-03	2.17599600e+00	0.00000000e+00	0.00000000e+00	0.00000000e+00
143	8.97211000e-02	6.34315000e-05	3.96815000e-03	2.87389000e-03	2.17599600e+00	0.00000000e+00	0.00000000e+00	0.00000000e+00
143	9.12667000e-02	1.64739000e-03	3.67441000e-03	2.25304000e-03	2.17599600e+00	0.00000000e+00	0.00000000e+00	0.00000000e+00
143	9.01644000e-02	1.45818000e-03	3.47443000e-03	2.14947000e-03	2.17599600e+00	0.00000000e+00	0.00000000e+00	0.00000000e+00
143	8.93276000e-02	2.11419000e-03	2.77970000e-03	3.63484000e-03	2.17599600e+00	0.00000000e+00	0.00000000e+00	0.00000000e+00
143	9.02888000e-02	1.36086000e-03	2.95861000e-03	3.28936000e-03	2.17599600e+00	0.00000000e+00	0.00000000e+00	0.00000000e+00
143	9.40533000e-02	1.14992000e-03	3.80847000e-03	3.28856000e-03	2.17599600e+00	0.00000000e+00	0.00000000e+00	0.00000000e+00
143	8.82975000e-02	1.44683000e-03	3.95124000e-03	3.11800000e-03	2.17599600e+00	0.00000000e+00	0.00000000e+00	0.00000000e+00
143	8.99744000e-02	1.58222000e-03	3.44759000e-03	3.14248000e-03	2.17599600e+00	0.00000000e+00	0.00000000e+00	0.00000000e+00
143	8.85473000e-02	1.38576000e-03	4.32599000e-03	3.86740000e-03	2.17599600e+00	0.00000000e+00	0.00000000e+00	0.00000000e+00
143	9.18833000e-02	2.01169000e-03	3.79341000e-03	4.71213000e-03	2.17599600e+00	0.00000000e+00	0.00000000e+00	0.00000000e+00
143	9.29804000e-02	8.93472000e-04	4.48838000e-03	4.15744000e-03	2.17599600e+00	0.00000000e+00	0.00000000e+00	0.00000000e+00
143	9.31303000e-02	1.03857000e-03	2.35906000e-03	3.77910000e-03	2.17599600e+00	0.00000000e+00	0.00000000e+00	0.00000000e+00
143	9.20381000e-02	1.40546000e-03	3.73858000e-03	4.12734000e-03	2.17599600e+00	0.00000000e+00	0.00000000e+00	0.00000000e+00
143	9.28837000e-02	8.55944000e-04	3.91010000e-03	3.93813000e-03	2.17599600e+00	0.00000000e+00	0.00000000e+00	0.00000000e+00
143	9.08842000e-02	8.79816000e-04	4.88197000e-03	1.63246000e-03	2.17599600e+00	0.00000000e+00	0.00000000e+00	0.00000000e+00
143	9.19644000e-02	9.87695000e-04	3.27319000e-03	1.83702000e-03	2.17599600e+00	0.00000000e+00	0.00000000e+00	0.00000000e+00
143	9.20370000e-02	7.99522000e-04	3.73515000e-03	4.24460000e-03	2.17599600e+00	0.00000000e+00	0.00000000e+00	0.00000000e+00
143	9.12749000e-02	5.29480000e-04	2.92896000e-03	3.91722000e-03	2.17599600e+00	0.00000000e+00	0.00000000e+00	0.00000000e+00
143	9.20151000e-02	-3.28647000e-05	3.07082000e-03	3.15794000e-03	2.17599600e+00	0.00000000e+00	0.00000000e+00	0.00000000e+00
143	9.25808000e-02	5.73432000e-04	3.17869000e-03	2.84348000e-03	2.17599600e+00	0.00000000e+00	0.00000000e+00	0.00000000e+00
143	9.23010000e-02	4.72150000e-04	1.73679000e-03	4.55742000e-03	2.17599600e+00	0.00000000e+00	0.00000000e+00	0.00000000e+00
143	8.83227000e-02	1.37869000e-03	2.46627000e-03	2.12372000e-03	2.17599600e+00	0.00000000e+00	0.00000000e+00	0.00000000e+00
143	9.12532000e-02	1.64450000e-03	1.53143000e-03	4.50506000e-03	2.17599600e+00	0.00000000e+00	0.00000000e+00	0.00000000e+00
143	8.91696000e-02	1.34679000e-03	3.31204000e-03	5.30332000e-03	2.17599600e+00	0.00000000e+00	0.00000000e+00	0.00000000e+00
143	9.01940000e-02	1.68692000e-03	5.11081000e-03	2.21835000e-03	2.17599600e+00	0.00000000e+00	0.00000000e+00	0.00000000e+00
143	9.17209000e-02	3.59248000e-04	3.90525000e-03	2.47267000e-03	2.17599600e+00	0.00000000e+00	0.00000000e+00	0.00000000e+00
143	9.25235000e-02	1.05638000e-03	2.75040000e-03	2.45505000e-03	2.17599600e+00	0.00000000e+00	0.00000000e+00	0.00000000e+00
143	9.07709000e-02	5.48072000e-04	2.82691000e-03	4.39597000e-03	2.17599600e+00	0.00000000e+00	0.00000000e+00	0.00000000e+00
143	9.08648000e-02	1.43474000e-03	4.37541000e-03	1.16577000e-03	2.17599600e+00	0.00000000e+00	0.00000000e+00	0.00000000e+00
143	9.16930000e-02	8.18871000e-04	3.14236000e-03	2.67062000e-03	2.17599600e+00	0.00000000e+00	0.00000000e+00	0.00000000e+00
143	9.37286000e-02	1.73338000e-03	4.02021000e-03	2.79409000e-03	2.17599600e+00	0.00000000e+00	0.00000000e+00	0.00000000e+00
143	9.31145000e-02	9.75267000e-04	2.61677000e-03	5.55757000e-03	2.17599600e+00	0.00000000e+00	0.00000000e+00	0.00000000e+00
143	9.08639000e-02	1.41278000e-03	4.04185000e-03	2.48039000e-03	2.17599600e+00	0.00000000e+00	0.00000000e+00	0.00000000e+00
143	8.92183000e-02	1.89607000e-03	4.74730000e-03	3.10919000e-03	2.17599600e+00	0.00000000e+00	0.00000000e+00	0.00000000e+00
143	9.01748000e-02	1.42232000e-03	3.11709000e-03	3.81758000e-03	2.17599600e+00	0.00000000e+00	0.00000000e+00	0.00000000e+00
143	9.26753000e-02	1.28266000e-03	5.12765000e-03	2.52431000e-03	2.17599600e+00	0.00000000e+00	0.00000000e+00	0.00000000e+00
143	9.30118000e-02	1.95770000e-03	1.91096000e-03	4.30792000e-03	2.17599600e+00	0.00000000e+00	0.00000000e+00	0.00000000e+00
143	9.19112000e-02	1.45119000e-03	3.36242000e-03	2.92500000e-03	2.17599600e+00	0.00000000e+00	0.00000000e+00	0.00000000e+00
143	9.15811000e-02	1.63314000e-03	2.67340000e-03	4.18043000e-03	2.17599600e+00	0.00000000e+00	0.00000000e+00	0.00000000e+00
143	8.96467000e-02	2.15982000e-03	3.07183000e-03	2.34007000e-03	2.17599600e+00	0.00000000e+00	0.00000000e+00	0.00000000e+00
143	8.93192000e-02	2.38622000e-03	4.13130000e-03	3.35441000e-03	2.17599600e+00	0.00000000e+00	0.00000000e+00	0.00000000e+00
143	9.19953000e-02	1.55128000e-03	3.31906000e-03	4.97689000e-03	2.17599600e+00	0.00000000e+00	0.00000000e+00	0.00000000e+00
143	9.16197000e-02	8.21811000e-04	4.34102000e-03	2.35622000e-03	2.17599600e+00	0.00000000e+00	0.00000000e+00	0.00000000e+00
143	9.47887000e-02	1.16703000e-03	2.37061000e-03	3.95824000e-03	2.17599600e+00	0.00000000e+00	0.00000000e+00	0.00000000e+00
143	8.98054000e-02	2.31565000e-04	3.17572000e-03	2.98360000e-03	2.17599600e+00	0.00000000e+00	0.00000000e+00	0.00000000e+00
143	8.89277000e-02	2.08808000e-03	2.99666000e-03	2.99833000e-03	2.17599600e+00	0.00000000e+00	0.00000000e+00	0.00000000e+00
143	9.34616000e-02	1.45712000e-04	3.85860000e-03	3.33813000e-03	2.17599600e+00	0.00000000e+00	0.00000000e+00	0.00000000e+00
143	9.11094000e-02	3.87625000e-04	3.30156000e-03	4.81647000e-03	2.17599600e+00	0.00000000e+00	0.00000000e+00	0.00000000e+00
143	9.01159000e-02	1.57234000e-03	2.19288000e-03	2.76810000e-03	2.17599600e+00	0.00000000e+00	0.00000000e+00	0.00000000e+00
143	9.27294000e-02	-5.78574000e-04	3.31419000e-03	3.75553000e-03	2.17599600e+00	0.00000000e+00	0.00000000e+00	0.00000000e+00
143	9.20877000e-02	1.48253000e-03	3.46602000e-03	3.95607000e-03	2.17599600e+00	0.00000000e+00	0.00000000e+00	0.00000000e+00
143	9.10782000e-02	9.74416000e-05	3.21592000e-03	4.63706000e-03	2.17599600e+00	0.00000000e+00	0.00000000e+00	0.00000000e+00
241	-3.80555000e-02	3.59759000e-04	4.52821000e-03	4.03375000e-03	2.17599600e+00	2.05483000e-04	-1.08208000e-04	0.00000000e+00
241	-3.87039000e-02	1.02288000e-03	2.95117000e-03	4.82860000e-03	2.17599600e+00	2.05483000e-04	-1.08208000e-04	0.00000000e+00
241	-3.73897000e-02	2.63279000e-04	4.27233000e-03	5.31103000e-03	2.17599600e+00	2.05483000e-04	-1.08208000e-04	0.00000000e+00
241	-3.91521000e-02	-1.04398000e-03	3.96757000e-03	5.94009000e-03	2.17599600e+00	2.05483000e-04	-1.08208000e-04	0.00000000e+00
241	-3.64099000e-02	-1.09722000e-03	4.49207000e-03	3.73363000e-03	2.17599600e+00	2.05483000e-04	-1.08208000e-04	0.00000000e+00
241	-3.64963000e-02	-6.77577000e-05	3.41097000e-03	5.60195000e-03	2.17599600e+00	2.05483000e-04	-1.08208000e-04	0.00000000e+00
241	-3.81130000e-02	1.48644000e-03	4.54188000e-03	3.55159000e-03	2.17599600e+00	2.05483000e-04	-1.08208000e-04	0.00000000e+00
241	-3.76275000e-02	-7.74191000e-04	5.56666000e-03	5.07821000e-03	2.17599600e+00	2.05483000e-04	-1.08208000e-04	0.00000000e+00
241	-3.74118000e-02	-8.69081000e-04	2.78295000e-03	4.93790000e-03	2.17599600e+00	2.05483000e-04	-1.08208000e-04	0.00000000e+00
241	-3.89858000e-02	-6.60808000e-04	5.02331000e-03	4.34432000e-03	2.17599600e+00	2.05483000e-04	-1.08208000e-04	0.00000000e+00
241	-3.79455000e-02	1.47865000e-04	3.78186000e-03	4.49406000e-03	2.17599600e+00	2.05483000e-04	-1.08208000e-04	0.00000000e+00
241	-3.66499000e-02	-5.03900000e-04	3.77728000e-03	5.28078000e-03	2.17599600e+00	2.05483000e-04	-1.08208000e-04	0.00000000e+00
241	-3.82415000e-02	3.05922000e-04	5.74985000e-03	3.35516000e-03	2.17599600e+00	2.05483000e-04	-1.08208000e-04	0.00000000e+00
241	-3.80423000e-02	6.19065000e-04	5.31102000e-03	5.05052000e-03	2.17599600e+00	2.05483000e-04	-1.08208000e-04	0.00000000e+00
241	-3.67659000e-02	-4.16990000e-04	4.46667000e-03	3.11494000e-03	2.17599600e+00	2.05483000e-04	-1.08208000e-04	0.00000000e+00
241	-3.76753000e-02	8.98915000e-04	3.68443000e-03	5.66435000e-03	2.17599600e+00	2.05483000e-04	-1.08208000e-04	0.00000000e+00
241	-3.97102000e-02	8.51356000e-04	4.09658000e-03	5.64508000e-03	2.17599600e+00	2.05483000e-04	-1.08208000e-04	0.00000000e+00
241	-3.95385000e-02	-1.73990000e-04	5.37073000e-03	4.72339000e-03	2.17599600e+00	2.05483000e-04	-1.08208000e-04	0.00000000e+00
241	-3.67231000e-02	-4.56895000e-05	3.93611000e-03	4.68904000e-03	2.17599600e+00	2.05483000e-04	-1.08208000e-04	0.00000000e+00
241	-3.59650000e-02	-2.27278000e-05	5.23451000e-03	4.35835000e-03	2.17599600e+00	2.05483000e-04	-1.08208000e-04	0.00000000e+00
241	-3.50194000e-02	-1.52511000e-04	3.08284000e-03	6.15040000e-03	2.17599600e+00	2.05483000e-04	-1.08208000e-04	0.00000000e+00
241	-3.82846000e-02	-2.18968000e-04	4.98782000e-03	5.07222000e-03	2.17599600e+00	2.05483000e-04	-1.08208000e-04	0.00000000e+00
241	-3.83875000e-02	-7.01000000e-04	3.95834000e-03	5.56102000e-03	2.17599600e+00	2.05483000e-04	-1.08208000e-04	0.00000000e+00
241	-3.83677000e-02	6.73422000e-04	6.21865000e-03	3.94020000e-03	2.17599600e+00	2.05483000e-04	-1.08208000e-04	0.00000000e+00
241	-3.49191000e-02	-5.79960000e-04	2.91932000e-03	3.74991000e-03	2.17599600e+00	2.05483000e-04	-1.08208000e-04	0.00000000e+00
241	-3.75602000e-02	9.69914000e-05	5.20200000e-03	4.10327000e-03	2.17599600e+00	2.05483000e-04	-1.08208000e-04	0.00000000e+00
241	-3.82950000e-02	9.45559000e-04	5.65952000e-03	3.61669000e-03	2.17599600e+00	2.05483000e-04	-1.08208000e-04	0.00000000e+00
241	-3.79679000e-02	-2.04198000e-04	4.43871000e-03	3.56742000e-03	2.17599600e+00	2.05483000e-04	-1.08208000e-04	0.00000000e+00
241	-3.83578000e-02	-6.41555000e-04	4.81737000e-03	4.81339000e-03	2.17599600e+00	2.05483000e-04	-1.08208000e-04	0.00000000e+00
241	-3.62480000e-02	-2.54024000e-04	3.61055000e-03	4.41407000e-03	2.17599600e+00	2.05483000e-04	-1.08208000e-04	0.00000000e+00
241	-3.71942000e-02	7.95849000e-04	2.42876000e-03	4.76530000e-03	2.17599600e+00	2.05483000e-04	-1.08208000e-04	0.00000000e+00
241	-3.66846000e-02	-3.96429000e-04	5.07193000e-03	4.06256000e-03	2.17599600e+00	2.05483000e-04	-1.08208000e-04	0.00000000e+00
241	-3.59490000e-02	2.10674000e-04	5.33379000e-03	4.93956000e-03	2.17599600e+00	2.05483000e-04	-1.08208000e-04	0.00000000e+00
241	-3.58207000e-02	-1.09212000e-03	4.93740000e-03	4.92243000e-03	2.17599600e+00	2.05483000e-04	-1.08208000e-04	0.00000000e+00
241	-3.97272000e-02	3.96054000e-04	4.75801000e-03	5.05324000e-03	2.17599600e+00	2.05483000e-04	-1.08208000e-04	0.00000000e+00
241	-3.64113000e-02	-4.82497000e-04	3.80212000e-03	5.11422000e-03	2.17599600e+00	2.05483000e-04	-1.08208000e-04	0.00000000e+00
241	-3.81062000e-02	-1.50264000e-03	4.56928000e-03	5.47867000e-03	2.17599600e+00	2.05483000e-04	-1.08208000e-04	0.00000000e+00
241	-3.72819000e-02	3.22994000e-04	3.21808000e-03	3.80633000e-03	2.17599600e+00	2.05483000e-04	-1.08208000e-04	0.00000000e+00
241	-3.66834000e-02	-1.54753000e-04	2.80404000e-03	6.03890000e-03	2.17599600e+00	2.05483000e-04	-1.08208000e-04	0.00000000e+00
241	-3.95254000e-02	-5.50349000e-04	2.83284000e-03	5.21416000e-03	2.17599600e+00	2.05483000e-04	-1.08208000e-04	0.00000000e+00
241	-3.75087000e-02	-1.46191000e-04	4.45572000e-03	3.21793000e-03	2.17599600e+00	2.05483000e-04	-1.08208000e-04	0.00000000e+00
241	-3.43918000e-02	-3.09696000e-04	3.96420000e-03	3.74403000e-03	2.17599600e+00	2.05483000e-04	-1.08208000e-04	0.00000000e+00
241	-3.79565000e-02	1.28056000e-04	3.39503000e-03	4.66984000e-03	2.17599600e+00	2.05483000e-04	-1.08208000e-04	0.00000000e+00
241	-3.70088000e-02	2.37981000e-04	5.09599000e-03	3.58228000e-03	2.17599600e+00	2.05483000e-04	-1.08208000e-04	0.00000000e+00
241	-3.62416000e-02	-1.72150000e-04	5.11821000e-03	2.93124000e-03	2.17599600e+00	2.05483000e-04	-1.08208000e-04	0.00000000e+00
241	-3.90420000e-02	-3.38754000e-04	4.71595000e-03	4.58198000e-03	2.17599600e+00	2.05483000e-04	-1.08208000e-04	0.00000000e+00
241	-3.66580000e-02	7.16494000e-04	2.98646000e-03	5.67054000e-03	2.17599600e+00	2.05483000e-04	-1.08208000e-04	0.00000000e+00
241	-3.65283000e-02	9.42259000e-04	3.69959000e-03	4.87898000e-03	2.17599600e+00	2.05483000e-04	-1.08208000e-04	0.00000000e+00
241	-3.98075000e-02	8.83285000e-04	4.43006000e-03	3.65002000e-03	2.17599600e+00	2.05483000e-04	-1.08208000e-04	0.00000000e+00
241	-3.94436000e-02	1.18589000e-05	4.50319000e-03	3.93351000e-03	2.17599600e+00	2.05483000e-04	-1.08208000e-04	0.00000000e+00
241	-3.89633000e-02	5.18578000e-04	5.16731000e-03	5.06921000e-03	2.17599600e+00	2.05483000e-04	-1.08208000e-04	0.00000000e+00
241	-3.99492000e-02	5.58968000e-04	5.02401000e-03	4.86398000e-03	2.17599600e+00	2.05483000e-04	-1.08208000e-04	0.00000000e+00
241	-3.87964000e-02	7.59180000e-04	3.19770000e-03	5.39145000e-03	2.17599600e+00	2.05483000e-04	-1.08208000e-04	0.00000000e+00
241	-3.65819000e-02	-1.50881000e-03	4.42177000e-03	4.04941000e-03	2.17599600e+00	2.05483000e-04	-1.08208000e-04	0.00000000e+00
241	-3.64432000e-02	-9.75631000e-04	5.84065000e-03	2.76437000e-03	2.17599600e+00	2.05483000e-04	-1.08208000e-04	0.00000000e+00
241	-3.72797000e-02	-3.79409000e-05	3.69814000e-03	5.40261000e-03	2.17599600e+00	2.05483000e-04	-1.08208000e-04	0.00000000e+00
241	-3.65394000e-02	-8.20830000e-04	3.84599000e-03	3.99888000e-03	2.17599600e+00	2.05483000e-04	-1.08208000e-04	0.00000000e+00
241	-3.70396000e-02	-2.09394000e-04	6.18747000e-03	2.86642000e-03	2.17599600e+00	2.05483000e-04	-1.08208000e-04	0.00000000e+00
241	-3.92556000e-02	6.82825000e-04	5.06551000e-03	2.64768000e-03	2.17599600e+00	2.05483000e-04	-1.08208000e-04	0.00000000e+00
241	-3.89804000e-02	1.26793000e-03	3.21825000e-03	5.04362000e-03	2.17599600e+00	2.05483000e-04	-1.08208000e-04	0.00000000e+00
241	-3.81922000e-02	-1.37871000e-04	6.33075000e-03	4.33676000e-03	2.17599600e+00	2.05483000e-04	-1.08208000e-04	0.00000000e+00
241	-3.63651000e-02	8.16298000e-04	4.58691000e-03	3.00482000e-03	2.17599600e+00	2.05483000e-04	-1.08208000e-04	0.00000000e+00
241	-3.57807000e-02	-3.90750000e-04	3.63682000e-03	5.74407000e-03	2.17599600e+00	2.05483000e-04	-1.08208000e-04	0.00000000e+00
241	-3.80381000e-02	5.24429000e-04	5.01616000e-03	2.96644000e-03	2.17599600e+00	2.05483000e-04	-1.08208000e-04	0.00000000e+00
241	-4.02366000e-02	-1.46985000e-05	5.45179000e-03	5.08213000e-03	2.17599600e+00	2.05483000e-04	-1.08208000e-04	0.00000000e+00
241	-3.79931000e-02	4.85429000e-04	4.73716000e-03	3.65310000e-03	2.17599600e+00	2.05483000e-04	-1.08208000e-04	0.00000000e+00
241	-3.81995000e-02	-1.02884000e-03	4.81279000e-03	5.58676000e-03	2.17599600e+00	2.05483000e-04	-1.08208000e-04	0.00000000e+00
241	-3.93086000e-02	3.23607000e-04	5.37568000e-03	4.19318000e-03	2.17599600e+00	2.05483000e-04	-1.08208000e-04	0.00000000e+00
241	-3.72909000e-02	8.01454000e-05	3.10199000e-03	3.68810000e-03	2.17599600e+00	2.05483000e-04	-1.08208000e-04	0.00000000e+00
241	-3.59194000e-02	-1.19026000e-03	3.75709000e-03	3.55101000e-03	2.17599600e+00	2.05483000e-04	-1.08208000e-04	0.00000000e+00
241	-3.86084000e-02	3.67266000e-04	4.46840000e-03	4.59620000e-03	2.17599600e+00	2.05483000e-04	-1.08208000e-04	0.00000000e+00
241	-3.81573000e-02	-1.93732000e-04	5.08147000e-03	5.39595000e-03	2.17599600e+00	2.05483000e-04	-1.08208000e-04	0.00000000e+00
241	-3.93436000e-02	-5.53604000e-05	5.16299000e-03	4.65562000e-03	2.17599600e+00	2.05483000e-04	-1.08208000e-04	0.00000000e+00
241	-3.68133000e-02	-1.08819000e-04	2.87889000e-03	4.21323000e-03	2.17599600e+00	2.05483000e-04	-1.08208000e-04	0.00000000e+00
241	-3.57079000e-02	2.70583000e-04	4.09078000e-03	4.65663000e-03	2.17599600e+00	2.05483000e-04	-1.08208000e-04	0.00000000e+00
241	-3.79660000e-02	-6.41986000e-04	5.58465000e-03	4.50972000e-03	2.17599600e+00	2.05483000e-04	-1.08208000e-04	0.00000000e+00
241	-3.72407000e-02	3.99666000e-04	4.13230000e-03	4.82246000e-03	2.17599600e+00	2.05483000e-04	-1.08208000e-04	0.00000000e+00
241	-3.73162000e-02	-4.59690000e-05	3.11764000e-03	5.36361000e-03	2.17599600e+00	2.05483000e-04	-1.08208000e-04	0.00000000e+00
241	-3.79630000e-02	2.87786000e-04	3.38951000e-03	4.09490000e-03	2.17599600e+00	2.05483000e-04	-1.08208000e-04	0.00000000e+00
241	-3.55586000e-02	4.76328000e-04	4.32584000e-03	4.31054000e-03	2.17599600e+00	2.05483000e-04	-1.08208000e-04	0.00000000e+00
241	-3.96859000e-02	1.24085000e-03	4.31955000e-03	5.99749000e-03	2.17599600e+00	2.05483000e-04	-1.08208000e-04	0.00000000e+00
241	-3.85331000e-02	-2.82207000e-04	5.41382000e-03	4.13573000e-03	2.17599600e+00	2.05483000e-04	-1.08208000e-04	0.00000000e+00
241	-3.66074000e-02	1.40868000e-03	6.03294000e-03	4.68081000e-03	2.17599600e+00	2.05483000e-04	-1.08208000e-04	0.00000000e+00
241	-3.77597000e-02	1.51784000e-03	5.11156000e-03	3.16549000e-03	2.17599600e+00	2.05483000e-04	-1.08208000e-04	0.00000000e+00
241	-3.45321000e-02	-1.81343000e-04	4.21916000e-03	4.58356000e-03	2.17599600e+00	2.05483000e-04	-1.08208000e-04	0.00000000e+00
241	-3.69466000e-02	1.95182000e-04	5.17886000e-03	3.45240000e-03	2.17599600e+00	2.05483000e-04	-1.08208000e-04	0.00000000e+00
241	-3.57907000e-02	4.20641000e-04	5.24045000e-03	4.41331000e-03	2.17599600e+00	2.05483000e-04	-1.08208000e-04	0.00000000e+00
241	-3.83137000e-02	2.18556000e-04	4.72401000e-03	4.30471000e-03	2.17599600e+00	2.05483000e-04	-1.08208000e-04	0.00000000e+00
241	-3.84686000e-02	2.94636000e-04	4.82284000e-03	4.81608000e-03	2.17599600e+00	2.05483000e-04	-1.08208000e-04	0.00000000e+00
241	-3.64785000e-02	5.90926000e-04	5.84524000e-03	3.31664000e-03	2.17599600e+00	2.05483000e-04	-1.08208000e-04	0.00000000e+00
241	-3.86682000e-02	4.27681000e-04	3.13557000e-03	5.47124000e-03	2.17599600e+00	2.05483000e-04	-1.08208000e-04	0.00000000e+00
241	-3.79882000e-02	1.05642000e-04	6.46441000e-03	2.85606000e-03	2.17599600e+00	2.05483000e-04	-1.08208000e-04	0.00000000e+00
241	-3.86133000e-02	1.29653000e-03	3.11823000e-03	5.37782000e-03	2.17599600e+00	2.05483000e-04	-1.08208000e-04	0.00000000e+00
241	-3.66442000e-02	2.00711000e-04	4.09881000e-03	5.52706000e-03	2.17599600e+00	2.05483000e-04	-1.08208000e-04	0.00000000e+00
241	-3.81926000e-02	-6.54725000e-04	4.17153000e-03	5.55699000e-03	2.17599600e+00	2.05483000e-04	-1.08208000e-04	0.00000000e+00
241	-3.92330000e-02	-2.39316000e-04	3.56503000e-03	5.89719000e-03	2.17599600e+00	2.05483000e-04	-1.08208000e-04	0.00000000e+00
241	-3.67706000e-02	5.68610000e-04	4.24709000e-03	4.66633000e-03	2.17599600e+00	2.05483000e-04	-1.08208000e-04	0.00000000e+00
241	-3.85760000e-02	1.07507000e-03	6.76079000e-03	4.05271000e-03	2.17599600e+00	2.05483000e-04	-1.08208000e-04	0.00000000e+00
241	-3.96892000e-02	1.64495000e-03	3.86037000e-03	5.92366000e-03	2.17599600e+00	2.05483000e-04	-1.08208000e-04	0.00000000e+00
241	-3.63704000e-02	-1.39224000e-03	4.25351000e-03	4.29873000e-03	2.17599600e+00	2.05483000e-04	-1.08208000e-04	0.00000000e+00
339	-1.62673000e-01	-9.64949000e-04	7.84384000e-03	5.10057000e-03	2.17599600e+00	-1.62051000e-05	-9.30551000e-05	0.00000000e+00
339	-1.64057000e-01	4.11674000e-04	6.53636000e-03	6.67489000e-03	2.17599600e+00	-1.62051000e-05	-9.30551000e-05	0.00000000e+00
339	-1.63330000e-01	-3.99463000e-04	4.63858000e-03	5.70067000e-03	2.17599600e+00	-1.62051000e-05	-9.30551000e-05	0.00000000e+00
339	-1.64915000e-01	3.53438000e-04	7.48966000e-03	4.90903000e-03	2.17599600e+00	-1.62051000e-05	-9.30551000e-05	0.00000000e+00
339	-1.64626000e-01	-5.47037000e-04	6.38047000e-03	5.23899000e-03	2.17599600e+00	-1.62051000e-05	-9.30551000e-05	0.00000000e+00
339	-1.62643000e-01	-3.06803000e-04	5.66690000e-03	5.91342000e-03	2.17599600e+00	-1.62051000e-05	-9.30551000e-05	0.00000000e+00
339	-1.64741000e-01	-9.63025000e-04	5.44403000e-03	6.89817000e-03	2.17599600e+00	-1.62051000e-05	-9.30551000e-05	0.00000000e+00
339	-1.62758000e-01	-8.55570000e-04	5.58972000e-03	4.31543000e-03	2.17599600e+00	-1.62051000e-05	-9.30551000e-05	0.00000000e+00
339	-1.64450000e-01	-4.12849000e-04	6.69786000e-03	6.14007000e-03	2.17599600e+00	-1.62051000e-05	-9.30551000e-05	0.00000000e+00
339	-1.65445000e-01	-3.15500000e-04	7.46540000e-03	5.30927000e-03	2.17599600e+00	-1.62051000e-05	-9.30551000e-05	0.00000000e+00
339	-1.62991000e-01	-5.09937000e-04	6.64816000e-03	5.17744000e-03	2.17599600e+00	-1.62051000e-05	-9.30551000e-05	0.00000000e+00
339	-1.62034000e-01	6.87998000e-05	6.50666000e-03	4.29858000e-03	2.17599600e+00	-1.62051000e-05	-9.30551000e-05	0.00000000e+00
339	-1.63589000e-01	-1.26553000e-04	6.16740000e-03	6.07368000e-03	2.17599600e+00	-1.62051000e-05	-9.30551000e-05	0.00000000e+00
339	-1.62028000e-01	4.75619000e-04	5.71113000e-03	6.51260000e-03	2.17599600e+00	-1.62051000e-05	-9.30551000e-05	0.00000000e+00
339	-1.63023000e-01	-5.56976000e-04	5.98310000e-03	7.22525000e-03	2.17599600e+00	-1.62051000e-05	-9.30551000e-05	0.00000000e+00
339	-1.62256000e-01	-1.17474000e-03	5.43183000e-03	5.39946000e-03	2.17599600e+00	-1.62051000e-05	-9.30551000e-05	0.00000000e+00
339	-1.64803000e-01	3.17127000e-04	5.27790000e-03	4.74806000e-03	2.17599600e+00	-1.62051000e-05	-9.30551000e-05	0.00000000e+00
339	-1.65008000e-01	4.71763000e-04	6.83007000e-03	4.39266000e-03	2.17599600e+00	-1.62051000e-05	-9.30551000e-05	0.00000000e+00
339	-1.62472000e-01	-5.05660000e-04	5.20549000e-03	5.95883000e-03	2.17599600e+00	-1.62051000e-05	-9.30551000e-05	0.00000000e+00
339	-1.63085000e-01	-5.47514000e-04	5.25235000e-03	5.73840000e-03	2.17599600e+00	-1.62051000e-05	-9.30551000e-05	0.00000000e+00
339	-1.64002000e-01	-1.02260000e-03	4.65712000e-03	6.42717000e-03	2.17599600e+00	-1.62051000e-05	-9.30551000e-05	0.00000000e+00
339	-1.64733000e-01	-1.89679000e-03	6.48841000e-03	6.05525000e-03	2.17599600e+00	-1.62051000e-05	-9.30551000e-05	0.00000000e+00
339	-1.64090000e-01	-2.56449000e-04	6.22885000e-03	5.06513000e-03	2.17599600e+00	-1.62051000e-05	-9.30551000e-05	0.00000000e+00
339	-1.64789000e-01	-1.62078000e-03	8.39227000e-03	5.04317000e-03	2.17599600e+00	-1.62051000e-05	-9.30551000e-05	0.00000000e+00
339	-1.66352000e-01	6.86998000e-04	7.01685000e-03	5.13164000e-03	2.17599600e+00	-1.62051000e-05	-9.30551000e-05	0.00000000e+00
339	-1.62549000e-01	-1.22648000e-03	8.03731000e-03	5.10187000e-03	2.17599600e+00	-1.62051000e-05	-9.30551000e-05	0.00000000e+00
339	-1.65103000e-01	4.10294000e-04	5.37189000e-03	6.05018000e-03	2.17599600e+00	-1.62051000e-05	-9.30551000e-05	0.00000000e+00
339	-1.64513000e-01	-1.09301000e-03	5.70293000e-03	6.77581000e-03	2.17599600e+00	-1.62051000e-05	-9.30551000e-05	0.00000000e+00
339	-1.64928000e-01	1.72618000e-04	7.00797000e-03	4.63285000e-03	2.17599600e+00	-1.62051000e-05	-9.30551000e-05	0.00000000e+00
339	-1.63730000e-01	-1.35230000e-03	6.43352000e-03	5.59059000e-03	2.17599600e+00	-1.62051000e-05	-9.30551000e-05	0.00000000e+00
339	-1.64281000e-01	-5.29602000e-04	6.58682000e-03	6.16357000e-03	2.17599600e+00	-1.62051000e-05	-9.30551000e-05	0.00000000e+00
339	-1.64757000e-01	-1.20972000e-03	4.73945000e-03	6.81576000e-03	2.17599600e+00	-1.62051000e-05	-9.30551000e-05	0.00000000e+00
339	-1.64088000e-01	-6.77131000e-04	6.65148000e-03	5.43296000e-03	2.17599600e+00	-1.62051000e-05	-9.30551000e-05	0.00000000e+00
339	-1.64779000e-01	-7.70251000e-04	6.78464000e-03	6.87781000e-03	2.17599600e+00	-1.62051000e-05	-9.30551000e-05	0.00000000e+00
339	-1.66372000e-01	-7.67335000e-04	5.60619000e-03	5.47149000e-03	2.17599600e+00	-1.62051000e-05	-9.30551000e-05	0.00000000e+00
339	-1.65107000e-01	-5.15384000e-04	6.25658000e-03	4.66507000e-03	2.17599600e+00	-1.62051000e-05	-9.30551000e-05	0.00000000e+00
339	-1.64436000e-01	-1.13400000e-04	5.89061000e-03	5.10035000e-03	2.17599600e+00	-1.62051000e-05	-9.30551000e-05	0.00000000e+00
339	-1.63497000e-01	-7.13406000e-04	6.51672000e-03	5.29238000e-03	2.17599600e+00	-1.62051000e-05	-9.30551000e-05	0.00000000e+00
339	-1.65351000e-01	8.10251000e-05	4.59537000e-03	7.04547000e-03	2.17599600e+00	-1.62051000e-05	-9.30551000e-05	0.00000000e+00
339	-1.64039000e-01	7.87510000e-04	5.88124000e-03	5.83460000e-03	2.17599600e+00	-1.62051000e-05	-9.30551000e-05	0.00000000e+00
339	-1.62642000e-01	-1.18245000e-03	7.65713000e-03	5.38565000e-03	2.17599600e+00	-1.62051000e-05	-9.30551000e-05	0.00000000e+00
339	-1.65627000e-01	-1.30369000e-03	6.53394000e-03	4.53233000e-03	2.17599600e+00	-1.62051000e-05	-9.30551000e-05	0.00000000e+00
339	-1.63424000e-01	-9.69149000e-04	6.13607000e-03	6.75639000e-03	2.17599600e+00	-1.62051000e-05	-9.30551000e-05	0.00000000e+00
339	-1.65377000e-01	4.22431000e-04	7.21166000e-03	4.87605000e-03	2.17599600e+00	-1.62051000e-05	-9.30551000e-05	0.00000000e+00
339	-1.64260000e-01	-1.05137000e-03	6.46666000e-03	6.47136000e-03	2.17599600e+00	-1.62051000e-05	-9.30551000e-05	0.00000000e+00
339	-1.64698000e-01	-3.43728000e-04	6.61562000e-03	4.99215000e-03	2.17599600e+00	-1.62051000e-05	-9.30551000e-05	0.00000000e+00
339	-1.64115000e-01	-1.18951000e-03	5.87778000e-03	7.10813000e-03	2.17599600e+00	-1.62051000e-05	-9.30551000e-05	0.00000000e+00
339	-1.63524000e-01	-3.55498000e-04	4.66580000e-03	6.50845000e-03	2.17599600e+00	-1.62051000e-05	-9.30551000e-05	0.00000000e+00
339	-1.65542000e-01	-3.51590000e-04	7.26548000e-03	4.63892000e-03	2.17599600e+00	-1.62051000e-05	-9.30551000e-05	0.00000000e+00
339	-1.64999000e-01	-1.81417000e-03	5.59948000e-03	5.88065000e-03	2.17599600e+00	-1.62051000e-05	-9.30551000e-05	0.00000000e+00
339	-1.62974000e-01	4.90657000e-04	4.51690000e-03	5.66512000e-03	2.17599600e+00	-1.62051000e-05	-9.30551000e-05	0.00000000e+00
339	-1.63193000e-01	2.55273000e-05	4.66565000e-03	6.96452000e-03	2.17599600e+00	-1.62051000e-05	-9.30551000e-05	0.00000000e+00
339	-1.64617000e-01	-1.59627000e-03	6.45920000e-03	5.47812000e-03	2.17599600e+00	-1.62051000e-05	-9.30551000e-05	0.00000000e+00
339	-1.64278000e-01	-2.02838000e-04	7.20312000e-03	5.22843000e-03	2.17599600e+00	-1.62051000e-05	-9.30551000e-05	0.00000000e+00
339	-1.65162000e-01	-7.47152000e-05	7.21552000e-03	5.58401000e-03	2.17599600e+00	-1.62051000e-05	-9.30551000e-05	0.00000000e+00
339	-1.64425000e-01	-1.25223000e-03	5.45975000e-03	6.03717000e-03	2.17599600e+00	-1.62051000e-05	-9.30551000e-05	0.00000000e+00
339	-1.66585000e-01	-1.28174000e-03	7.43777000e-03	5.84132000e-03	2.17599600e+00	-1.62051000e-05	-9.30551000e-05	0.00000000e+00
339	-1.65216000e-01	-4.55390000e-04	5.87566000e-03	6.38340000e-03	2.17599600e+00	-1.62051000e-05	-9.30551000e-05	0.00000000e+00
339	-1.61474000e-01	-1.26352000e-03	4.80867000e-03	5.66139000e-03	2.17599600e+00	-1.62051000e-05	-9.30551000e-05	0.00000000e+00
339	-1.64307000e-01	-6.80191000e-04	5.47497000e-03	6.99607000e-03	2.17599600e+00	-1.62051000e-05	-9.30551000e-05	0.00000000e+00
339	-1.62695000e-01	-4.79743000e-04	4.99728000e-03	7.03229000e-03	2.17599600e+00	-1.62051000e-05	-9.30551000e-05	0.00000000e+00
339	-1.62778000e-01	-1.73553000e-04	4.51806000e-03	6.36561000e-03	2.17599600e+00	-1.62051000e-05	-9.30551000e-05	0.00000000e+00
339	-1.63420000e-01	3.16056000e-04	5.01146000e-03	5.25781000e-03	2.17599600e+00	-1.62051000e-05	-9.30551000e-05	0.00000000e+00
339	-1.65297000e-01	-7.72573000e-04	8.11245000e-03	5.19610000e-03	2.17599600e+00	-1.62051000e-05	-9.30551000e-05	0.00000000e+00
339	-1.64282000e-01	-7.52896000e-04	6.27400000e-03	6.93757000e-03	2.17599600e+00	-1.62051000e-05	-9.30551000e-05	0.00000000e+00
339	-1.64494000e-01	-1.85674000e-03	8.29870000e-03	5.84819000e-03	2.17599600e+00	-1.62051000e-05	-9.30551000e-05	0.00000000e+00
339	-1.65709000e-01	-1.22267000e-03	4.63136000e-03	7.00036000e-03	2.17599600e+00	-1.62051000e-05	-9.30551000e-05	0.00000000e+00
339	-1.65753000e-01	6.85046000e-04	6.85049000e-03	5.82525000e-03	2.17599600e+00	-1.62051000e-05	-9.30551000e-05	0.00000000e+00
339	-1.61906000e-01	-5.17980000e-05	3.86583000e-03	6.19046000e-03	2.17599600e+00	-1.62051000e-05	-9.30551000e-05	0.00000000e+00
339	-1.65124000e-01	-7.59993000e-04	5.98867000e-03	6.74941000e-03	2.17599600e+00	-1.62051000e-05	-9.30551000e-05	0.00000000e+00
339	-1.64556000e-01	-9.14741000e-04	6.94153000e-03	5.59809000e-03	2.17599600e+00	-1.62051000e-05	-9.30551000e-05	0.00000000e+00
339	-1.64100000e-01	-7.98919000e-04	6.47966000e-03	5.47649000e-03	2.17599600e+00	-1.62051000e-05	-9.30551000e-05	0.00000000e+00
339	-1.62108000e-01	-1.15086000e-03	5.88570000e-03	7.56059000e-03	2.17599600e+00	-1.62051000e-05	-9.30551000e-05	0.00000000e+00
339	-1.64773000e-01	-3.43137000e-04	6.18724000e-03	6.67265000e-03	2.17599600e+00	-1.62051000e-05	-9.30551000e-05	0.00000000e+00
339	-1.61877000e-01	-9.74332000e-04	7.64895000e-03	5.68829000e-03	2.17599600e+00	-1.62051000e-05	-9.30551000e-05	0.00000000e+00
339	-1.66005000e-01	-3.93795000e-04	6.72013000e-03	4.41550000e-03	2.17599600e+00	-1.62051000e-05	-9.30551000e-05	0.00000000e+00
339	-1.64728000e-01	5.67381000e-05	5.27737000e-03	6.97013000e-03	2.17599600e+00	-1.62051000e-05	-9.30551000e-05	0.00000000e+00
339	-1.61104000e-01	-1.58175000e-03	5.70557000e-03	5.36630000e-03	2.17599600e+00	-1.62051000e-05	-9.30551000e-05	0.00000000e+00
339	-1.65567000e-01	-7.49737000e-04	8.06901000e-03	5.00781000e-03	2.17599600e+00	-1.62051000e-05	-9.30551000e-05	0.00000000e+00
339	-1.66441000e-01	-1.43835000e-03	7.86351000e-03	5.43491000e-03	2.17599600e+00	-1.62051000e-05	-9.30551000e-05	0.00000000e+00
339	-1.63976000e-01	-1.87295000e-03	5.10391000e-03	5.81273000e-03	2.17599600e+00	-1.62051000e-05	-9.30551000e-05	0.00000000e+00
339	-1.63405000e-01	-9.43516000e-04	6.96668000e-03	4.56884000e-03	2.17599600e+00	-1.62051000e-05	-9.30551000e-05	0.00000000e+00
339	-1.64426000e-01	-2.82024000e-04	5.97263000e-03	8.08462000e-03	2.17599600e+00	-1.62051000e-05	-9.30551000e-05	0.00000000e+00
339	-1.63104000e-01	1.09651000e-05	7.64165000e-03	5.84809000e-03	2.17599600e+00	-1.62051000e-05	-9.30551000e-05	0.00000000e+00
339	-1.61853000e-01	-8.54414000e-04	6.30418000e-03	6.84747000e-03	2.17599600e+00	-1.62051000e-05	-9.30551000e-05	0.00000000e+00
339	-1.63464000e-01	2.52258000e-04	5.26513000e-03	5.76265000e-03	2.17599600e+00	-1.62051000e-05	-9.30551000e-05	0.00000000e+00
339	-1.60633000e-01	-1.83953000e-03	6.12112000e-03	6.54164000e-03	2.17599600e+00	-1.62051000e-05	-9.30551000e-05	0.00000000e+00
339	-1.63606000e-01	-1.02822000e-03	6.70938000e-03	4.86460000e-03	2.17599600e+00	-1.62051000e-05	-9.30551000e-05	0.00000000e+00
339	-1.64606000e-01	-1.94130000e-04	6.80438000e-03	6.28396000e-03	2.17599600e+00	-1.62051000e-05	-9.30551000e-05	0.00000000e+00
339	-1.67084000e-01	-1.74408000e-03	5.90181000e-03	6.71435000e-03	2.17599600e+00	-1.62051000e-05	-9.30551000e-05	0.00000000e+00
339	-1.65910000e-01	3.28027000e-05	6.60419000e-03	5.03315000e-03	2.17599600e+00	-1.62051000e-05	-9.30551000e-05	0.00000000e+00
339	-1.63248000e-01	-1.28649000e-03	6.56567000e-03	5.39023000e-03	2.17599600e+00	-1.62051000e-05	-9.30551000e-05	0.00000000e+00
339	-1.64452000e-01	-9.03845000e-05	5.82115000e-03	5.75343000e-03	2.17599600e+00	-1.62051000e-05	-9.30551000e-05	0.00000000e+00
339	-1.64761000e-01	-1.20062000e-04	5.38447000e-03	5.38546000e-03	2.17599600e+00	-1.62051000e-05	-9.30551000e-05	0.00000000e+00
339	-1.63615000e-01	-2.44793000e-04	7.14242000e-03	5.43488000e-03	2.17599600e+00	-1.62051000e-05	-9.30551000e-05	0.00000000e+00
339	-1.63258000e-01	-5.00981000e-04	7.20451000e-03	4.57218000e-03	2.17599600e+00	-1.62051000e-05	-9.30551000e-05	0.00000000e+00
339	-1.64590000e-01	-3.28554000e-04	6.88336000e-03	6.74213000e-03	2.17599600e+00	-1.62051000e-05	-9.30551000e-05	0.00000000e+00
339	-1.61665000e-01	-5.69195000e-04	4.32203000e-03	5.89602000e-03	2.17599600e+00	-1.62051000e-05	-9.30551000e-05	0.00000000e+00
339	-1.61866000e-01	3.32525000e-04	5.36241000e-03	6.92556000e-03	2.17599600e+00	-1.62051000e-05	-9.30551000e-05	0.00000000e+00
339	-1.63612000e-01	-6.21430000e-05	7.28121000e-03	6.21852000e-03	2.17599600e+00	-1.62051000e-05	-9.30551000e-05	0.00000000e+00
